0.025	1.48621E-22
0.0575	2.60655E-11
0.09	1.29506E-10
0.0965	1.76048E-10
0.116	2.45972E-10
0.129	3.8168E-10
0.1485	6.73734E-10
0.1745	1.30084E-9
0.181	2.49925E-9
0.1875	3.82418E-9
0.194	6.36284E-9
0.2005	9.32869E-9
0.207	1.30029E-8
0.2135	1.80938E-8
0.22	2.3E-8
0.2265	2.86175E-8
0.233	3.17947E-8
0.2395	3.75594E-8
0.246	3.84161E-8
0.2525	4.27787E-8
0.259	4.48099E-8
0.2655	5.25214E-8
0.272	6.75688E-8
0.2785	7.82454E-8
0.285	1.50428E-7
0.2915	2.67483E-7
0.298	1.38726E-6
0.3045	2.38385E-6
0.311	3.49901E-6
0.3175	4.8245E-6
0.324	1.07739E-5
0.3305	1.4799E-5
0.337	1.96266E-5
0.3435	2.58509E-5
0.35	3.35831E-5
0.3565	4.32266E-5
0.363	5.52902E-5
0.3695	7.00968E-5
0.376	8.86308E-5
0.3825	1.10839E-4
0.389	1.37906E-4
0.3955	1.72898E-4
0.402	2.10467E-4
0.4085	2.58625E-4
0.415	3.11796E-4
0.4215	3.76018E-4
0.428	4.50358E-4
0.4345	5.37378E-4
0.441	6.40023E-4
0.4475	7.59767E-4
0.454	8.91553E-4
0.4605	0.00106
0.467	0.00124
0.4735	0.00145
0.48	0.00167
0.4865	0.00194
0.493	0.00224
0.4995	0.00258
0.506	0.00294
0.5125	0.00339
0.519	0.00385
0.5255	0.00445
0.532	0.00501
0.5385	0.00559
0.545	0.00635
0.5515	0.00713
0.558	0.00803
0.5645	0.00901
0.571	0.01005
0.5775	0.01122
0.584	0.01248
0.5905	0.01372
0.6008	0.01594
0.61	0.0188
0.6165	0.02077
0.623	0.02284
0.6295	0.02513
0.636	0.02753
0.6425	0.03014
0.649	0.03293
0.6555	0.03609
0.662	0.03931
0.6685	0.04279
0.675	0.04649
0.6815	0.05065
0.688	0.05494
0.69455	0.05807
0.701	0.06435
0.7075	0.06917
0.714	0.07507
0.7205	0.08099
0.727	0.08727
0.7335	0.09355
0.74	0.10062
0.7465	0.10787
0.753	0.1157
0.7595	0.12376
0.766	0.13238
0.7725	0.14198
0.7855	0.16171
0.792	0.17193
0.7985	0.18336
0.805	0.1944
0.8115	0.20614
0.818	0.22021
0.8245	0.23529
0.831	0.24655
0.8375	0.26238
0.844	0.27871
0.8505	0.29522
0.857	0.31133
0.8635	0.32637
0.87	0.34603
0.8765	0.36472
0.883	0.38533
0.8895	0.39634
0.896	0.42453
0.9025	0.4528
0.909	0.47277
0.9155	0.49768
0.922	0.52237
0.9285	0.54816
0.9415	0.60142
0.948	0.62733
0.9545	0.65617
0.961	0.69092
0.9675	0.71755
0.974	0.75333
0.9805	0.7822
0.987	0.819
0.9935	0.85747
1	0.88877
1.0065	0.93197
1.013	0.97169
1.0195	1.00509
1.026	1.04523
1.0325	1.08927
1.039	1.13282
1.0455	1.17554
1.052	1.21299
1.0585	1.26762
1.065	1.31201
1.0715	1.35928
1.078	1.41238
1.0845	1.45688
1.091	1.49991
1.0975	1.553
1.104	1.62002
1.1105	1.66318
1.117	1.72258
1.1235	1.77725
1.13	1.83661
1.1365	1.89113
1.143	1.95473
1.1495	2.00698
1.156	1.97591
1.1625	2.13473
1.169	2.21061
1.1755	2.26356
1.182	2.32157
1.1885	2.3993
1.195	2.45987
1.2015	2.50845
1.208	2.59349
1.2145	2.64958
1.221	2.71452
1.2275	2.78946
1.234	2.86355
1.2405	2.94619
1.247	3.00832
1.2535	3.06928
1.26	3.12743
1.2665	3.2123
1.273	3.28932
1.2795	3.3631
1.286	3.43358
1.2925	3.50332
1.299	3.59669
1.3055	3.68394
1.312	3.77275
1.3185	3.86313
1.325	3.95511
1.3315	4.0487
1.338	4.14391
1.3445	4.24076
1.351	4.33926
1.3575	4.43944
1.364	4.54129
1.3705	4.64485
1.377	4.75011
1.3835	4.85711
1.39	4.96584
1.3965	5.07634
1.403	5.1886
1.4095	5.30264
1.416	5.41848
1.4225	5.53613
1.429	5.65561
1.4355	5.77692
1.442	5.90008
1.4485	6.02511
1.455	6.15201
1.4615	6.2808
1.468	6.4115
1.4745	6.5441
1.481	6.67864
1.4875	6.81511
1.494	6.95353
1.5005	7.09391
1.507	7.23626
1.5135	7.3806
1.52	7.52694
1.5265	7.67528
1.533	7.82563
1.5395	7.97802
1.546	8.13244
1.5525	8.28891
1.559	8.44744
1.5655	8.60804
1.572	8.77071
1.5785	8.93547
1.585	9.10232
1.5915	9.27129
1.598	9.44236
1.6045	9.61556
1.611	9.79088
1.6175	9.96835
1.624	10.14796
1.6305	10.32973
1.637	10.51366
1.6435	10.69976
1.65	10.88803
1.6565	11.07849
1.663	11.27114
1.6695	11.46598
1.676	11.66303
1.6825	11.86228
1.689	12.06375
1.6955	12.26744
1.702	12.47335
1.7085	12.6815
1.715	12.89188
1.7215	13.1045
1.728	13.31936
1.7345	13.53648
1.741	13.75584
1.7475	13.97747
1.754	14.20135
1.7605	14.4275
1.767	14.65591
1.7735	14.8866
1.78	15.11956
1.7865	15.35479
1.793	15.5923
1.7995	15.83209
1.806	16.07416
1.8125	16.31851
1.819	16.56515
1.8255	16.81408
1.832	17.06529
1.8385	17.31879
1.845	17.57458
1.8515	17.83266
1.858	18.09303
1.8645	18.35568
1.871	18.62063
1.8775	18.88786
1.884	19.15738
1.8905	19.42919
1.897	19.70328
1.9035	19.97966
1.91	20.25832
1.9165	20.53927
1.923	20.82249
1.9295	21.10799
1.936	21.39577
1.9425	21.68582
1.949	21.97814
1.9555	22.27272
1.962	22.56958
1.9685	22.86869
1.975	23.17006
1.9815	23.47369
1.988	23.77956
1.9945	24.08769
2.001	24.39805
2.0075	24.71066
2.014	25.0255
2.0205	25.34256
2.027	25.66186
2.0335	25.98337
2.04	26.30709
2.0465	26.63303
2.053	26.96117
2.0595	27.2915
2.066	27.62403
2.0725	27.95874
2.079	28.29564
2.0855	28.6347
2.092	28.97593
2.0985	29.31933
2.105	29.66488
2.1115	30.01257
2.118	30.3624
2.1245	30.71437
2.131	31.06846
2.1375	31.42467
2.144	31.78298
2.1505	32.1434
2.157	32.50591
2.1635	32.87051
2.17	33.23719
2.1765	33.60593
2.183	33.97673
2.1895	34.34958
2.196	34.72449
2.2025	35.10142
2.209	35.48038
2.2155	35.86135
2.222	36.24433
2.2285	36.62931
2.235	37.01627
2.2415	37.40522
2.248	37.79613
2.2545	38.189
2.261	38.58382
2.2675	38.98057
2.274	39.37926
2.2805	39.77986
2.287	40.18237
2.2935	40.58678
2.3	40.99308
2.3065	41.40125
2.313	41.81128
2.3195	42.22317
2.326	42.6369
2.3325	43.05247
2.339	43.46985
2.3455	43.88904
2.352	44.31005
2.3585	44.73283
2.365	45.15738
2.3715	45.5837
2.378	46.01178
2.3845	46.44159
2.391	46.87313
2.3975	47.30639
2.404	47.74135
2.4105	48.17801
2.417	48.61635
2.4235	49.05635
2.43	49.49802
2.4365	49.94132
2.443	50.38626
2.4495	50.83282
2.456	51.28099
2.4625	51.73075
2.469	52.18209
2.4755	52.635
2.482	53.08947
2.4885	53.54548
2.495	54.00303
2.5015	54.46209
2.508	54.92266
2.5145	55.38472
2.521	55.84826
2.5275	56.31326
2.534	56.77972
2.5405	57.24762
2.547	57.71695
2.5535	58.1877
2.56	58.65984
2.5665	59.13337
2.573	59.60828
2.5795	60.08455
2.586	60.56216
2.5925	61.04112
2.599	61.52139